Perplexity: 4.340815375027933
Perplexity: 7.348125153855843
