Perplexity: 4.111095469732459
Perplexity: 7.02956056365685
