Perplexity: 58.62688828644848
Perplexity: 57.29490682822905
