Perplexity: 50.42103725077389
Perplexity: 52.36568303920734
