Perplexity : 281.3714617705383
Perplexity : 153.03157461392973
