Probability : 7.403528217560121e-67
Probability : 4.840083877820268e-99
